0.17 -1.78
-0.38 -1.74
0.31 -2.29
0.50 2.01
-2.44 -1.05
0.04 1.35
2.18 0.17
-2.62 -0.07
-0.80 -0.66
-0.47 -2.65
0.24 -2.27
-1.45 -1.73
2.85 -0.22
2.74 1.19
-0.14 -1.99
-0.35 1.99
0.91 2.17
-2.80 0.10
-2.32 0.72
0.10 1.84
-0.09 1.27
2.15 1.29
0.94 -0.60
-0.58 1.81
1.95 1.64
0.11 -1.45
-1.02 0.44
-0.72 -2.16
-2.47 0.80
0.39 1.54
-0.94 2.77
-1.22 -1.18
1.69 0.48
-0.60 -1.58
2.39 1.42
1.72 -0.47
-2.16 0.30
-2.28 0.91
-2.80 0.23
-2.67 -1.00
0.12 -0.70
-1.07 2.55
0.95 -1.57
-2.83 0.90
-0.47 0.04
-2.83 -0.87
1.67 0.74
1.74 -0.43
-0.27 1.73
1.09 0.40
1.09 -2.54
-0.41 2.44
-2.08 1.14
2.72 -0.44
-0.59 -0.52
1.05 1.66
-0.39 -0.24
-0.75 -2.74
0.23 1.55
-1.84 0.63
0.32 -1.50
1.05 -0.59
0.49 -1.82
-0.87 -0.20
0.86 0.55
1.53 -0.62
-2.42 -0.32
-0.06 -0.86
-0.03 1.26
1.37 2.18
-0.60 1.83
-2.42 0.20
2.89 0.62
0.84 1.89
-0.13 0.15
