-0.57
1.06
0.21
-1.84
2.66
1.41
-2.15
-0.48
-2.04
-2.02
0.26
-0.43
1.14
0.87
2.05
2.94
1.15
-1.23
0.90
2.63
-2.10
-0.55
0.39
0.55
0.01
1.21
0.86
-0.82
-0.22
1.98
-0.70
2.59
-0.86
-0.59
1.37
-2.79
-0.52
0.40
-1.58
-1.82
1.85
1.07
2.16
0.52
0.61
-2.76
-2.61
1.19
-2.78
2.26
1.24
-0.88
0.77
-0.04
0.38
0.35
-2.35
0.60
2.12
-1.88
-0.00
0.70
2.35
-1.07
2.92
-1.82
-1.66
-0.13
2.17
2.74
2.89
1.16
-0.77
0.14
1.66
-1.10
-0.04
-1.99
1.15
0.34
-0.75
2.38
-0.86
-0.75
0.79
-2.52
2.25
2.08
2.09
-1.93
2.79
-1.32
-1.80
-0.73
-2.20
-0.15
-2.91
-0.71
2.68
-2.07
