-0.12
2.18
-2.84
0.68
-2.09
-0.79
-1.92
-1.78
-1.47
2.57
1.07
2.40
-2.96
-2.73
2.58
2.36
-1.42
-1.18
-0.92
2.03
-0.51
-0.66
-2.55
1.61
1.41
1.19
-1.07
-0.39
1.97
1.15
-0.15
-1.36
-2.44
-1.49
-2.39
1.14
0.06
0.04
1.29
-1.09
-1.63
-2.59
-0.65
-2.11
0.63
-1.71
0.40
1.66
-0.76
-2.09
-2.19
-2.62
-1.34
-1.01
1.17
-0.13
0.68
0.97
0.03
1.81
-1.58
2.72
-1.30
-2.45
2.15
-1.91
0.47
1.87
2.64
0.75
-0.02
2.08
-0.28
1.59
-0.47
-1.67
-0.37
0.40
-2.96
2.78
2.83
-2.91
2.00
-1.51
2.40
1.25
-0.95
-2.14
1.18
-0.25
0.38
-0.08
-2.68
2.86
0.00
0.89
1.78
1.09
1.82
1.65
